0 0
0 10
0 20
0 30
0 40
0 50
0 60
0 70
0 80
0 90
0 100
0 110
0 120
0 130
0 140
0 150
0 160
0 170
0 180
0 190
0 200
0 210
0 220
0 230
0 240
0 250
0 260
0 270
0 280
0 290
0 300
0 310
0 320
0 330
0 340
0 350
0 360
0 370
0 380
0 390
0 400
0 410
0 420
0 430
0 440
0 450
0 460
0 470
0 480
0 490
0 500
0 510
0 520
0 530
0 540
0 550
0 560
0 570
0 580
0 590
10 0
20 0
30 0
40 0
50 0
60 0
70 0
80 0
90 0
100 0
110 0
120 0
130 0
140 0
150 0
160 0
170 0
180 0
190 0
200 0
210 0
220 0
230 0
240 0
250 0
260 0
270 0
280 0
290 0
300 0
310 0
320 0
330 0
340 0
350 0
360 0
370 0
380 0
390 0
400 0
410 0
420 0
430 0
440 0
450 0
460 0
470 0
480 0
490 0
500 0
510 0
520 0
530 0
540 0
550 0
560 0
570 0
580 0
590 0
590 10
590 20
590 30
590 40
590 50
590 60
590 70
590 80
590 90
590 100
590 110
590 120
590 130
590 140
590 150
590 160
590 170
590 180
590 190
590 200
590 210
590 220
590 230
590 240
590 250
590 260
590 270
590 280
590 290
590 300
590 310
590 320
590 330
590 340
590 350
590 360
590 370
590 380
590 390
590 400
590 410
590 420
590 430
590 440
590 450
590 460
590 470
590 480
590 490
590 500
590 510
590 520
590 530
590 540
590 550
590 560
590 570
590 580
590 590
10 590
20 590
30 590
40 590
50 590
60 590
70 590
80 590
90 590
100 590
110 590
120 590
130 590
140 590
150 590
160 590
170 590
180 590
190 590
200 590
210 590
220 590
230 590
240 590
250 590
260 590
270 590
280 590
290 590
300 590
310 590
320 590
330 590
340 590
350 590
360 590
370 590
380 590
390 590
400 590
410 590
420 590
430 590
440 590
450 590
460 590
470 590
480 590
490 590
500 590
510 590
520 590
530 590
540 590
550 590
560 590
570 590
580 590
590 590
