0 290
10 290
20 290
30 290
40 290
50 290
60 290
70 290
80 290
90 290
100 290
110 290
120 290
130 290
140 290
150 290
160 290
170 290
180 290
190 290
200 290
210 290
220 290
230 290
240 290
250 290
260 290
270 290
280 290
290 290
300 290
310 290
320 290
330 290
340 290
350 290
360 290
370 290
380 290
390 290
400 290
410 290
420 290
430 290
440 290
450 290
460 290
470 290
480 290
490 290
500 290
510 290
520 290
530 290
540 290
550 290
560 290
570 290
580 290
590 290
290 0
290 10
290 20
290 30
290 40
290 50
290 60
290 70
290 80
290 90
290 100
290 110
290 120
290 130
290 140
290 150
290 160
290 170
290 180
290 190
290 200
290 210
290 220
290 230
290 240
290 250
290 260
290 270
290 280
290 300
290 310
290 320
290 330
290 340
290 350
290 360
290 370
290 380
290 390
290 400
290 410
290 420
290 430
290 440
290 450
290 460
290 470
290 480
290 490
290 500
290 510
290 520
290 530
290 540
290 550
290 560
290 570
290 580
290 590
