0 0
10 0
20 0
30 0
40 0
50 0
60 0
70 0
80 0
90 0
100 0
110 0
120 0
130 0
140 0
150 0
160 0
170 0
180 0
190 0
200 0
210 0
220 0
230 0
240 0
250 0
260 0
270 0
280 0
290 0
300 0
310 0
320 0
330 0
340 0
350 0
360 0
370 0
380 0
390 0
400 0
410 0
420 0
430 0
440 0
450 0
460 0
470 0
480 0
490 0
500 0
510 0
520 0
530 0
540 0
550 0
560 0
570 0
580 0
590 0
590 10
590 20
590 30
590 40
590 50
590 60
590 70
590 80
590 90
590 100
590 110
590 120
590 130
590 140
590 150
590 160
590 170
590 180
590 190
590 200
590 210
590 220
590 230
590 240
590 250
590 260
590 270
590 280
590 290
590 300
590 310
590 320
590 330
590 340
590 350
590 360
590 370
590 380
590 390
590 400
590 410
590 420
590 430
590 440
590 450
590 460
590 470
590 480
590 490
590 500
590 510
590 520
590 530
590 540
590 550
590 560
590 570
590 580
590 590
580 590
570 590
560 590
550 590
540 590
530 590
520 590
510 590
500 590
490 590
480 590
470 590
460 590
450 590
440 590
430 590
420 590
410 590
400 590
390 590
380 590
370 590
360 590
350 590
340 590
330 590
320 590
310 590
300 590
290 590
280 590
270 590
260 590
250 590
240 590
230 590
220 590
210 590
200 590
190 590
180 590
170 590
160 590
150 590
140 590
130 590
120 590
110 590
100 590
90 590
80 590
70 590
60 590
50 590
40 590
30 590
20 590
10 590
0 590
0 580
0 570
0 560
0 550
0 540
0 530
0 520
0 510
0 500
0 490
0 480
0 470
0 460
0 450
0 440
0 430
0 420
0 410
0 400
0 390
0 380
0 370
0 360
0 350
0 340
0 330
0 320
0 310
0 300
0 290
0 280
0 270
0 260
0 250
0 240
0 230
0 220
0 210
0 200
0 190
0 180
0 170
0 160
0 150
0 140
0 130
0 120
0 110
0 100
0 90
0 80
0 70
0 60
0 50
0 40
0 30
0 20
0 10
10 10
20 20
30 30
40 40
50 50
60 60
70 70
80 80
90 90
100 100
110 110
120 120
130 130
140 140
150 150
160 160
170 170
180 180
190 190
200 200
210 210
220 220
230 230
240 240
250 250
260 260
270 270
320 320
330 330
340 340
350 350
360 360
370 370
380 380
390 390
400 400
410 410
420 420
430 430
440 440
450 450
460 460
470 470
480 480
490 490
500 500
510 510
520 520
530 530
540 540
550 550
560 560
570 570
580 580
10 580
20 570
30 560
40 550
50 540
60 530
70 520
80 510
90 500
100 490
110 480
120 470
130 460
140 450
150 440
160 430
170 420
180 410
190 400
200 390
210 380
220 370
230 360
240 350
250 340
260 330
270 320
320 270
330 260
340 250
350 240
360 230
370 220
380 210
390 200
400 190
410 180
420 170
430 160
440 150
450 140
460 130
470 120
480 110
490 100
500 90
510 80
520 70
530 60
540 50
550 40
560 30
570 20
580 10
